cifar10 root_path: .
cifar10 data_path: ~/.torch
cifar10 save_path: ./results/iDLG_cifar10
Files already downloaded and verified
1.10.0 0.11.1
Running on cpu
Files already downloaded and verified
chosen images: [1, 2, 3, 4, 5, 6, 7, 8, 9, 10, 11, 12, 13, 14, 15, 16, 508]
image= 25
Files already downloaded and verified
Files already downloaded and verified
#### epsilon 10
0 1290.6211
10 1174.9879
20 1159.6558
30 1149.4321
40 1142.0366
50 1134.9047
60 1128.6445
70 1123.8698
80 1120.3469
90 1117.5358
100 1114.3342
110 1111.8064
120 1109.8109
130 1107.9946
140 1106.7435
150 1105.3351
160 1103.8821
170 1102.8273
180 1101.6091
190 1100.5643
0 1220.4725
10 1066.5729
20 1059.7659
30 1056.9451
40 1054.7130
50 1053.0684
60 1051.9407
70 1051.0984
80 1049.8634
90 1049.0726
100 1048.3655
110 1047.6089
120 1047.0731
130 1046.5272
140 1046.1853
150 1045.6808
160 1045.2324
170 1044.7679
180 1044.4497
190 1044.1494
0 1243.1188
10 1081.8833
20 1075.7183
30 1072.0397
40 1069.2023
50 1067.1489
60 1065.8267
70 1064.3446
80 1063.1366
90 1062.2529
100 1061.4719
110 1060.9061
120 1060.0060
130 1059.3752
140 1058.6921
150 1058.1355
160 1057.7251
170 1057.2867
180 1056.8873
190 1056.4360
0 1265.0459
10 1083.3253
20 1077.6848
30 1074.4756
40 1071.6847
50 1069.6194
60 1068.1458
70 1067.0159
80 1065.9900
90 1065.0402
100 1064.3125
110 1063.4795
120 1062.8633
130 1062.2218
140 1061.5027
150 1060.8987
160 1060.3955
170 1059.7394
180 1059.1294
190 1058.5151
bit_rate: 4 epsilon:10 average loss: 1064.9162292480469 loss values:[1100.56433105 1044.14941406 1056.43603516 1058.51513672]
#### epsilon 100
0 118.4982
10 32.5526
20 28.8466
30 27.9779
40 27.6043
50 27.4298
60 27.3274
70 27.2418
80 27.1714
90 27.1172
100 27.0763
110 27.0459
120 27.0078
130 26.9842
140 26.9665
150 26.9503
160 26.9376
170 26.9259
180 26.9148
190 26.9054
0 82.8020
10 28.5151
20 27.3876
30 27.0546
40 26.8916
50 26.7964
60 26.7379
70 26.6963
80 26.6655
90 26.6439
100 26.6272
110 26.6146
120 26.6043
130 26.5953
140 26.5882
150 26.5819
160 26.5763
170 26.5704
180 26.5648
190 26.5596
0 97.1362
10 29.4162
20 28.0284
30 27.6360
40 27.4357
50 27.3309
60 27.2550
70 27.2065
80 27.1707
90 27.1457
100 27.1173
110 27.0907
120 27.0754
130 27.0626
140 27.0499
150 27.0383
160 27.0245
170 27.0140
180 27.0044
190 26.9927
0 122.4148
10 29.6554
20 27.9816
30 27.6097
40 27.3890
50 27.2775
60 27.2102
70 27.1597
80 27.1114
90 27.0787
100 27.0501
110 27.0296
120 27.0120
130 26.9977
140 26.9827
150 26.9711
160 26.9591
170 26.9502
180 26.9431
190 26.9363
bit_rate: 4 epsilon:100 average loss: 26.848496913909912 loss values:[26.90540504 26.55960083 26.99272346 26.93625832]
#### epsilon 1000
0 108.1940
10 24.5990
20 19.0079
30 17.8779
40 17.3945
50 17.1339
60 16.9412
70 16.8177
80 16.7463
90 16.6800
100 16.6296
110 16.5872
120 16.5546
130 16.5313
140 16.5133
150 16.5000
160 16.4853
170 16.4746
180 16.4639
190 16.4534
0 64.8377
10 17.8987
20 16.8652
30 16.6044
40 16.4890
50 16.4270
60 16.3851
70 16.3478
80 16.3190
90 16.2972
100 16.2796
110 16.2663
120 16.2552
130 16.2471
140 16.2408
150 16.2362
160 16.2312
170 16.2278
180 16.2242
190 16.2212
0 75.7651
10 18.1921
20 17.0929
30 16.8500
40 16.7475
50 16.6851
60 16.6357
70 16.6009
80 16.5745
90 16.5555
100 16.5396
110 16.5270
120 16.5158
130 16.5049
140 16.4955
150 16.4883
160 16.4787
170 16.4722
180 16.4666
190 16.4626
0 77.1425
10 18.7882
20 17.2958
30 17.0086
40 16.8579
50 16.7444
60 16.6803
70 16.6382
80 16.6076
90 16.5877
100 16.5707
110 16.5563
120 16.5442
130 16.5331
140 16.5244
150 16.5165
160 16.5096
170 16.5033
180 16.4986
190 16.4944
bit_rate: 4 epsilon:1000 average loss: 16.40789222717285 loss values:[16.45339394 16.22115707 16.46258736 16.49443054]
#### epsilon 10000
0 107.1148
10 24.1975
20 19.0861
30 17.8216
40 17.3408
50 17.0780
60 16.9302
70 16.8156
80 16.7294
90 16.6683
100 16.6325
110 16.5977
120 16.5648
130 16.5412
140 16.5181
150 16.4996
160 16.4823
170 16.4678
180 16.4537
190 16.4422
0 67.2766
10 17.8250
20 16.8082
30 16.5321
40 16.4075
50 16.3307
60 16.2871
70 16.2583
80 16.2399
90 16.2259
100 16.2142
110 16.2041
120 16.1953
130 16.1878
140 16.1820
150 16.1771
160 16.1730
170 16.1696
180 16.1666
190 16.1639
0 96.7484
10 18.1646
20 16.9633
30 16.6700
40 16.5185
50 16.4440
60 16.3890
70 16.3495
80 16.3189
90 16.3000
100 16.2863
110 16.2759
120 16.2653
130 16.2572
140 16.2515
150 16.2448
160 16.2385
170 16.2322
180 16.2268
190 16.2222
0 67.2622
10 18.7647
20 17.1469
30 16.7806
40 16.6313
50 16.5629
60 16.5147
70 16.4768
80 16.4493
90 16.4295
100 16.4127
110 16.3985
120 16.3874
130 16.3779
140 16.3666
150 16.3588
160 16.3523
170 16.3465
180 16.3419
190 16.3377
bit_rate: 4 epsilon:10000 average loss: 16.291515827178955 loss values:[16.44224358 16.16391754 16.22217751 16.33772469]
#### epsilon 100000
0 266.1823
10 946.1650
20 946.1650
30 946.1650
40 946.1650
50 946.1650
60 946.1650
70 946.1650
80 946.1650
90 946.1650
100 946.1650
110 946.1650
120 946.1650
130 946.1650
140 946.1650
150 946.1650
160 946.1650
170 946.1650
180 946.1650
190 946.1650
0 67.0244
10 17.8711
20 16.8429
30 16.5878
40 16.4727
50 16.4016
60 16.3569
70 16.3212
80 16.2940
90 16.2746
100 16.2592
110 16.2459
120 16.2360
130 16.2281
140 16.2216
150 16.2161
160 16.2107
170 16.2060
180 16.2017
190 16.1976
0 79.2073
10 18.1006
20 16.9817
30 16.6796
40 16.5534
50 16.4692
60 16.4146
70 16.3736
80 16.3459
90 16.3260
100 16.3085
110 16.2949
120 16.2853
130 16.2776
140 16.2704
150 16.2652
160 16.2604
170 16.2558
180 16.2512
190 16.2469
0 71.2584
10 18.4785
20 16.9573
30 16.6592
40 16.5297
50 16.4620
60 16.4155
70 16.3847
80 16.3589
90 16.3400
100 16.3240
110 16.3083
120 16.2947
130 16.2845
140 16.2768
150 16.2702
160 16.2644
170 16.2599
180 16.2558
190 16.2523
bit_rate: 4 epsilon:100000 average loss: 248.71544933319092 loss values:[946.16497803  16.19762611  16.24687195  16.25232124]
#### epsilon 10
0 1261.2721
10 1148.3669
20 1137.8229
30 1131.3217
40 1124.3539
50 1119.0811
60 1115.2656
70 1111.1688
80 1107.7086
90 1105.1658
100 1102.7638
110 1100.8409
120 1099.2810
130 1097.8053
140 1096.6045
150 1095.5048
160 1094.0913
170 1092.6196
180 1091.4402
190 1090.1696
0 1210.0706
10 1054.2776
20 1048.8394
30 1046.1887
40 1044.2766
50 1042.7258
60 1041.6116
70 1040.8154
80 1039.9066
90 1039.1239
100 1038.5017
110 1037.9572
120 1037.4850
130 1037.0171
140 1036.6041
150 1036.0670
160 1035.5787
170 1035.1863
180 1034.8542
190 1034.4863
0 1229.7515
10 1063.7964
20 1057.7162
30 1054.1628
40 1051.4846
50 1049.4207
60 1048.2334
70 1046.8171
80 1045.8293
90 1045.0828
100 1044.4431
110 1043.8235
120 1043.3009
130 1042.8424
140 1042.1693
150 1041.3848
160 1040.8889
170 1040.4719
180 1040.1671
190 1039.5193
0 1216.2650
10 1068.2883
20 1060.5756
30 1056.7863
40 1054.1141
50 1052.3922
60 1050.9321
70 1049.8494
80 1048.4161
90 1047.2810
100 1046.4686
110 1045.5831
120 1044.8398
130 1044.1252
140 1043.6799
150 1043.1908
160 1042.7452
170 1042.4351
180 1041.9464
190 1041.6271
bit_rate: 8 epsilon:10 average loss: 1051.4505615234375 loss values:[1090.16955566 1034.48632812 1039.51928711 1041.6270752 ]
#### epsilon 100
0 90.0305
10 14.6699
20 11.6883
30 10.9840
40 10.7097
50 10.5586
60 10.4866
70 10.4432
80 10.4082
90 10.3799
100 10.3583
110 10.3438
120 10.3337
130 10.3253
140 10.3185
150 10.3128
160 10.3080
170 10.3047
180 10.3017
190 10.2981
0 57.9276
10 11.4029
20 10.6181
30 10.4208
40 10.3308
50 10.2783
60 10.2454
70 10.2253
80 10.2101
90 10.1987
100 10.1898
110 10.1824
120 10.1756
130 10.1697
140 10.1643
150 10.1605
160 10.1571
170 10.1536
180 10.1505
190 10.1476
0 81.8077
10 11.7561
20 10.8260
30 10.6303
40 10.5441
50 10.4875
60 10.4537
70 10.4268
80 10.4072
90 10.3922
100 10.3815
110 10.3736
120 10.3668
130 10.3598
140 10.3529
150 10.3478
160 10.3439
170 10.3406
180 10.3377
190 10.3349
0 68.4092
10 11.9669
20 10.6718
30 10.4801
40 10.3806
50 10.3319
60 10.3060
70 10.2884
80 10.2733
90 10.2628
100 10.2536
110 10.2467
120 10.2401
130 10.2337
140 10.2291
150 10.2258
160 10.2230
170 10.2204
180 10.2174
190 10.2145
bit_rate: 8 epsilon:100 average loss: 10.24878740310669 loss values:[10.29813099 10.1476469  10.33486271 10.21450901]
#### epsilon 1000
0 75.7809
10 4.6398
20 1.0600
30 0.4047
40 0.2167
50 0.1805
60 0.1731
70 0.1711
80 0.1706
90 0.1705
100 0.1704
110 0.1704
120 0.1704
130 0.1704
140 0.1704
150 0.1704
160 0.1704
170 0.1704
180 0.1704
190 0.1704
0 44.7621
10 0.7822
20 0.2239
30 0.1772
40 0.1696
50 0.1680
60 0.1676
70 0.1675
80 0.1674
90 0.1674
100 0.1674
110 0.1674
120 0.1674
130 0.1674
140 0.1674
150 0.1674
160 0.1674
170 0.1674
180 0.1674
190 0.1674
0 69.2044
10 1.0695
20 0.2703
30 0.1924
40 0.1806
50 0.1775
60 0.1763
70 0.1759
80 0.1757
90 0.1756
100 0.1756
110 0.1756
120 0.1756
130 0.1756
140 0.1756
150 0.1755
160 0.1755
170 0.1755
180 0.1755
190 0.1755
0 48.5060
10 1.2017
20 0.2299
30 0.1800
40 0.1718
50 0.1699
60 0.1692
70 0.1690
80 0.1690
90 0.1689
100 0.1689
110 0.1689
120 0.1689
130 0.1689
140 0.1689
150 0.1689
160 0.1689
170 0.1689
180 0.1689
190 0.1689
bit_rate: 8 epsilon:1000 average loss: 0.17055538296699524 loss values:[0.17038575 0.16741435 0.17553274 0.16888869]
#### epsilon 10000
0 76.6205
10 4.9131
20 1.2719
30 0.3963
40 0.1269
50 0.0770
60 0.0687
70 0.0663
80 0.0655
90 0.0653
100 0.0653
110 0.0653
120 0.0652
130 0.0652
140 0.0652
150 0.0652
160 0.0652
170 0.0652
180 0.0652
190 0.0652
0 44.5022
10 0.6944
20 0.1190
30 0.0746
40 0.0678
50 0.0664
60 0.0660
70 0.0659
80 0.0659
90 0.0658
100 0.0658
110 0.0658
120 0.0658
130 0.0658
140 0.0658
150 0.0658
160 0.0658
170 0.0658
180 0.0658
190 0.0658
0 65.8923
10 0.9157
20 0.1513
30 0.0866
40 0.0766
50 0.0739
60 0.0731
70 0.0727
80 0.0725
90 0.0725
100 0.0725
110 0.0724
120 0.0724
130 0.0724
140 0.0724
150 0.0724
160 0.0724
170 0.0724
180 0.0724
190 0.0724
0 53.4335
10 1.0751
20 0.1296
30 0.0757
40 0.0684
50 0.0666
60 0.0661
70 0.0658
80 0.0658
90 0.0657
100 0.0657
110 0.0657
120 0.0657
130 0.0657
140 0.0657
150 0.0657
160 0.0657
170 0.0657
180 0.0657
190 0.0657
bit_rate: 8 epsilon:10000 average loss: 0.06730286777019501 loss values:[0.0652412  0.0658391  0.07240998 0.0657212 ]
#### epsilon 100000
0 83.5543
10 4.7152
20 1.1122
30 0.3037
40 0.1084
50 0.0718
60 0.0660
70 0.0648
80 0.0646
90 0.0645
100 0.0645
110 0.0645
120 0.0645
130 0.0645
140 0.0645
150 0.0645
160 0.0645
170 0.0645
180 0.0645
190 0.0645
0 44.7524
10 0.7098
20 0.1198
30 0.0741
40 0.0668
50 0.0655
60 0.0651
70 0.0649
80 0.0649
90 0.0649
100 0.0649
110 0.0649
120 0.0649
130 0.0649
140 0.0649
150 0.0649
160 0.0649
170 0.0649
180 0.0649
190 0.0649
0 67.7755
10 0.9068
20 0.1536
30 0.0850
40 0.0757
50 0.0730
60 0.0721
70 0.0718
80 0.0717
90 0.0716
100 0.0716
110 0.0716
120 0.0716
130 0.0716
140 0.0716
150 0.0716
160 0.0716
170 0.0716
180 0.0716
190 0.0716
0 51.4487
10 1.1595
20 0.1304
30 0.0751
40 0.0676
50 0.0658
60 0.0652
70 0.0650
80 0.0649
90 0.0649
100 0.0649
110 0.0649
120 0.0649
130 0.0649
140 0.0649
150 0.0649
160 0.0649
170 0.0649
180 0.0649
190 0.0649
bit_rate: 8 epsilon:100000 average loss: 0.06644058413803577 loss values:[0.06448386 0.06485867 0.0715639  0.06485591]
#### epsilon 10
0 1264.8331
10 1137.9685
20 1127.7667
30 1121.8319
40 1116.3868
50 1112.2524
60 1108.7970
70 1106.0896
80 1103.8800
90 1101.4561
100 1099.4043
110 1097.3372
120 1095.1102
130 1093.1188
140 1091.2180
150 1089.8682
160 1088.4832
170 1087.0353
180 1085.4854
190 1084.2231
0 1209.4360
10 1052.2621
20 1045.2178
30 1042.5927
40 1041.2190
50 1040.2465
60 1039.4547
70 1038.6733
80 1037.8319
90 1037.0867
100 1036.2258
110 1035.5522
120 1035.1396
130 1034.6252
140 1034.1656
150 1033.6099
160 1033.0143
170 1032.5880
180 1032.2009
190 1031.7953
0 1223.1132
10 1062.2246
20 1056.6831
30 1053.9177
40 1052.1365
50 1050.8883
60 1049.9249
70 1048.8453
80 1047.8611
90 1046.9325
100 1046.1989
110 1045.5210
120 1044.8384
130 1044.2407
140 1043.6958
150 1043.0813
160 1042.4263
170 1042.0148
180 1041.6943
190 1041.3838
0 1211.0074
10 1065.7385
20 1059.0228
30 1055.4442
40 1052.9738
50 1051.0786
60 1049.3682
70 1047.6550
80 1046.3644
90 1045.5221
100 1044.6997
110 1043.9580
120 1043.3002
130 1042.6581
140 1041.9940
150 1041.4379
160 1040.8330
170 1040.2166
180 1039.5690
190 1039.0613
bit_rate: 16 epsilon:10 average loss: 1049.1158752441406 loss values:[1084.22314453 1031.79528809 1041.38378906 1039.0612793 ]
#### epsilon 100
0 93.1366
10 14.3994
20 11.6251
30 10.9698
40 10.7033
50 10.5773
60 10.5008
70 10.4344
80 10.3893
90 10.3567
100 10.3313
110 10.3140
120 10.3001
130 10.2899
140 10.2818
150 10.2754
160 10.2693
170 10.2642
180 10.2569
190 10.2507
0 60.3070
10 11.2825
20 10.5248
30 10.3502
40 10.2679
50 10.2189
60 10.1884
70 10.1652
80 10.1490
90 10.1372
100 10.1273
110 10.1185
120 10.1100
130 10.1018
140 10.0956
150 10.0897
160 10.0847
170 10.0797
180 10.0758
190 10.0720
0 81.6456
10 11.8329
20 10.8221
30 10.6336
40 10.5399
50 10.4828
60 10.4444
70 10.4166
80 10.3985
90 10.3850
100 10.3727
110 10.3603
120 10.3497
130 10.3410
140 10.3349
150 10.3299
160 10.3260
170 10.3224
180 10.3192
190 10.3166
0 70.7649
10 11.9818
20 10.6137
30 10.4214
40 10.3262
50 10.2828
60 10.2551
70 10.2292
80 10.2128
90 10.2019
100 10.1948
110 10.1887
120 10.1829
130 10.1781
140 10.1727
150 10.1672
160 10.1613
170 10.1567
180 10.1527
190 10.1485
bit_rate: 16 epsilon:100 average loss: 10.196950912475586 loss values:[10.25069046 10.07203674 10.31658745 10.148489  ]
#### epsilon 1000
0 107.0933
10 6.0371
20 1.4702
30 0.5545
40 0.2260
50 0.1304
60 0.1098
70 0.1058
80 0.1049
90 0.1046
100 0.1046
110 0.1046
120 0.1046
130 0.1046
140 0.1046
150 0.1046
160 0.1046
170 0.1046
180 0.1046
190 0.1046
0 44.7471
10 0.7278
20 0.1552
30 0.1138
40 0.1062
50 0.1047
60 0.1043
70 0.1042
80 0.1042
90 0.1042
100 0.1041
110 0.1041
120 0.1041
130 0.1041
140 0.1041
150 0.1041
160 0.1041
170 0.1041
180 0.1041
190 0.1041
0 67.3511
10 0.9342
20 0.1896
30 0.1263
40 0.1155
50 0.1129
60 0.1120
70 0.1117
80 0.1115
90 0.1115
100 0.1115
110 0.1115
120 0.1115
130 0.1115
140 0.1115
150 0.1115
160 0.1115
170 0.1115
180 0.1114
190 0.1114
0 50.4770
10 1.1308
20 0.1673
30 0.1150
40 0.1073
50 0.1054
60 0.1047
70 0.1045
80 0.1045
90 0.1045
100 0.1045
110 0.1045
120 0.1045
130 0.1045
140 0.1045
150 0.1045
160 0.1045
170 0.1045
180 0.1045
190 0.1045
bit_rate: 16 epsilon:1000 average loss: 0.10614988952875137 loss values:[0.10455354 0.10414294 0.11144841 0.10445466]
#### epsilon 10000
0 80.5517
10 4.5694
20 1.0958
30 0.2378
40 0.0447
50 0.0091
60 0.0027
70 0.0014
80 0.0012
90 0.0011
100 0.0011
110 0.0011
120 0.0010
130 0.0010
140 0.0010
150 0.0010
160 0.0010
170 0.0010
180 0.0010
190 0.0010
0 44.5977
10 0.6476
20 0.0556
30 0.0098
40 0.0031
50 0.0017
60 0.0014
70 0.0013
80 0.0013
90 0.0012
100 0.0012
110 0.0012
120 0.0012
130 0.0012
140 0.0012
150 0.0012
160 0.0012
170 0.0012
180 0.0012
190 0.0012
0 66.3822
10 0.8965
20 0.0917
30 0.0212
40 0.0112
50 0.0086
60 0.0079
70 0.0076
80 0.0075
90 0.0075
100 0.0075
110 0.0075
120 0.0075
130 0.0074
140 0.0074
150 0.0074
160 0.0074
170 0.0074
180 0.0074
190 0.0074
0 53.5624
10 0.9862
20 0.0601
30 0.0113
40 0.0036
50 0.0019
60 0.0013
70 0.0011
80 0.0011
90 0.0011
100 0.0011
110 0.0011
120 0.0011
130 0.0011
140 0.0011
150 0.0011
160 0.0010
170 0.0010
180 0.0010
190 0.0010
bit_rate: 16 epsilon:10000 average loss: 0.002696022595046088 loss values:[0.00104743 0.00123945 0.0074476  0.00104961]
#### epsilon 100000
0 79.4034
10 4.3394
20 0.9151
30 0.2253
40 0.0374
50 0.0070
60 0.0016
70 0.0004
80 0.0001
90 0.0000
100 0.0000
110 0.0000
120 0.0000
130 0.0000
140 0.0000
150 0.0000
160 0.0000
170 0.0000
180 0.0000
190 0.0000
0 44.5921
10 0.6348
20 0.0522
30 0.0089
40 0.0020
50 0.0007
60 0.0004
70 0.0003
80 0.0002
90 0.0002
100 0.0002
110 0.0002
120 0.0002
130 0.0002
140 0.0002
150 0.0002
160 0.0002
170 0.0002
180 0.0002
190 0.0002
0 65.9864
10 0.9406
20 0.0836
30 0.0199
40 0.0100
50 0.0076
60 0.0069
70 0.0066
80 0.0065
90 0.0064
100 0.0064
110 0.0064
120 0.0064
130 0.0064
140 0.0064
150 0.0064
160 0.0064
170 0.0064
180 0.0064
190 0.0064
0 53.6168
10 0.9981
20 0.0537
30 0.0091
40 0.0023
50 0.0007
60 0.0003
70 0.0001
80 0.0000
90 0.0000
100 0.0000
110 0.0000
120 0.0000
130 0.0000
140 0.0000
150 0.0000
160 0.0000
170 0.0000
180 0.0000
190 0.0000
bit_rate: 16 epsilon:100000 average loss: 0.0016571424266658141 loss values:[1.19664110e-05 2.11532097e-04 6.39188988e-03 1.31813176e-05]
#### epsilon 10
0 1264.5133
10 1142.2303
20 1131.0084
30 1123.5519
40 1118.2007
50 1113.5444
60 1110.4225
70 1107.9628
80 1105.4432
90 1102.9542
100 1101.3350
110 1099.8265
120 1098.3505
130 1096.9611
140 1095.2657
150 1093.7711
160 1092.4037
170 1091.4950
180 1090.3761
190 1089.3317
0 1209.4392
10 1052.0459
20 1045.3396
30 1041.7833
40 1039.9697
50 1038.5100
60 1037.6019
70 1036.5940
80 1035.8137
90 1035.3053
100 1034.7452
110 1034.3667
120 1034.0193
130 1033.6895
140 1033.3063
150 1032.9141
160 1032.5897
170 1032.2916
180 1032.0071
190 1031.6083
0 1222.0308
10 1061.3362
20 1057.0776
30 1055.3053
40 1053.1295
50 1051.6689
60 1050.4874
70 1049.3959
80 1048.5168
90 1047.5394
100 1046.6812
110 1045.4760
120 1044.6372
130 1043.6693
140 1042.9569
150 1042.1276
160 1041.5242
170 1041.0333
180 1040.6570
190 1040.3055
0 1211.5601
10 1066.6426
20 1060.2457
30 1057.0759
40 1055.0636
50 1053.3955
60 1052.0190
70 1050.8270
80 1049.4371
90 1048.3115
100 1047.5116
110 1046.6887
120 1046.0687
130 1045.4114
140 1044.7799
150 1044.0533
160 1043.4070
170 1042.9404
180 1042.4697
190 1041.9109
bit_rate: 32 epsilon:10 average loss: 1050.7890930175781 loss values:[1089.33166504 1031.60827637 1040.30554199 1041.91088867]
#### epsilon 100
0 87.8898
10 14.6266
20 11.4943
30 10.8798
40 10.6564
50 10.5300
60 10.4683
70 10.4259
80 10.3964
90 10.3760
100 10.3602
110 10.3473
120 10.3367
130 10.3280
140 10.3169
150 10.3079
160 10.2994
170 10.2924
180 10.2859
190 10.2814
0 60.2696
10 11.3060
20 10.5216
30 10.3621
40 10.2763
50 10.2256
60 10.1898
70 10.1693
80 10.1528
90 10.1396
100 10.1298
110 10.1216
120 10.1144
130 10.1080
140 10.1018
150 10.0957
160 10.0865
170 10.0799
180 10.0753
190 10.0715
0 79.1374
10 11.7352
20 10.7342
30 10.5447
40 10.4580
50 10.4051
60 10.3764
70 10.3551
80 10.3359
90 10.3214
100 10.3119
110 10.3040
120 10.2974
130 10.2909
140 10.2833
150 10.2776
160 10.2735
170 10.2701
180 10.2673
190 10.2652
0 70.9525
10 11.8300
20 10.5886
30 10.4120
40 10.3328
50 10.2889
60 10.2656
70 10.2461
80 10.2278
90 10.2141
100 10.2007
110 10.1913
120 10.1841
130 10.1775
140 10.1708
150 10.1654
160 10.1603
170 10.1566
180 10.1532
190 10.1501
bit_rate: 32 epsilon:100 average loss: 10.192056655883789 loss values:[10.28143501 10.07146454 10.2652216  10.15010548]
#### epsilon 1000
0 638.8921
10 360.0404
20 360.0404
30 360.0404
40 360.0404
50 360.0404
60 360.0404
70 360.0404
80 360.0404
90 360.0404
100 360.0404
110 360.0404
120 360.0404
130 360.0404
140 360.0404
150 360.0404
160 360.0404
170 360.0404
180 360.0404
190 360.0404
0 44.7404
10 0.7417
20 0.1560
30 0.1131
40 0.1061
50 0.1047
60 0.1043
70 0.1042
80 0.1042
90 0.1042
100 0.1042
110 0.1041
120 0.1041
130 0.1041
140 0.1041
150 0.1041
160 0.1041
170 0.1041
180 0.1041
190 0.1041
0 67.3699
10 0.9996
20 0.1948
30 0.1278
40 0.1159
50 0.1129
60 0.1120
70 0.1117
80 0.1115
90 0.1115
100 0.1115
110 0.1115
120 0.1115
130 0.1115
140 0.1114
150 0.1114
160 0.1114
170 0.1114
180 0.1114
190 0.1114
0 51.5631
10 1.0892
20 0.1644
30 0.1135
40 0.1069
50 0.1052
60 0.1047
70 0.1045
80 0.1045
90 0.1045
100 0.1045
110 0.1045
120 0.1045
130 0.1045
140 0.1045
150 0.1045
160 0.1045
170 0.1045
180 0.1045
190 0.1045
bit_rate: 32 epsilon:1000 average loss: 90.09011944197118 loss values:[3.60040436e+02 1.04143418e-01 1.11444555e-01 1.04454003e-01]
#### epsilon 10000
0 76.6192
10 4.2130
20 1.0002
30 0.2228
40 0.0358
50 0.0076
60 0.0025
70 0.0014
80 0.0012
90 0.0011
100 0.0011
110 0.0011
120 0.0010
130 0.0010
140 0.0010
150 0.0010
160 0.0010
170 0.0010
180 0.0010
190 0.0010
0 44.6012
10 0.6477
20 0.0572
30 0.0099
40 0.0030
50 0.0017
60 0.0014
70 0.0013
80 0.0013
90 0.0012
100 0.0012
110 0.0012
120 0.0012
130 0.0012
140 0.0012
150 0.0012
160 0.0012
170 0.0012
180 0.0012
190 0.0012
0 66.3370
10 0.8994
20 0.0823
30 0.0207
40 0.0108
50 0.0085
60 0.0078
70 0.0076
80 0.0075
90 0.0075
100 0.0075
110 0.0075
120 0.0074
130 0.0074
140 0.0074
150 0.0074
160 0.0074
170 0.0074
180 0.0074
190 0.0074
0 53.5567
10 1.0468
20 0.0671
30 0.0120
40 0.0038
50 0.0019
60 0.0013
70 0.0011
80 0.0011
90 0.0011
100 0.0011
110 0.0011
120 0.0010
130 0.0010
140 0.0010
150 0.0010
160 0.0010
170 0.0010
180 0.0010
190 0.0010
bit_rate: 32 epsilon:10000 average loss: 0.0026949236635118723 loss values:[0.0010463  0.00123935 0.00744568 0.00104837]
#### epsilon 100000
0 78.0090
10 4.5134
20 1.0779
30 0.2562
40 0.0420
50 0.0068
60 0.0016
70 0.0004
80 0.0001
90 0.0000
100 0.0000
110 0.0000
120 0.0000
130 0.0000
140 0.0000
150 0.0000
160 0.0000
170 0.0000
180 0.0000
190 0.0000
0 44.6017
10 0.6460
20 0.0535
30 0.0085
40 0.0019
50 0.0007
60 0.0004
70 0.0003
80 0.0002
90 0.0002
100 0.0002
110 0.0002
120 0.0002
130 0.0002
140 0.0002
150 0.0002
160 0.0002
170 0.0002
180 0.0002
190 0.0002
0 66.0813
10 0.9328
20 0.0890
30 0.0198
40 0.0098
50 0.0075
60 0.0068
70 0.0065
80 0.0064
90 0.0064
100 0.0064
110 0.0064
120 0.0064
130 0.0064
140 0.0064
150 0.0064
160 0.0064
170 0.0064
180 0.0064
190 0.0064
0 53.6276
10 1.0089
20 0.0614
30 0.0091
40 0.0023
50 0.0008
60 0.0003
70 0.0001
80 0.0001
90 0.0000
100 0.0000
110 0.0000
120 0.0000
130 0.0000
140 0.0000
150 0.0000
160 0.0000
170 0.0000
180 0.0000
190 0.0000
bit_rate: 32 epsilon:100000 average loss: 0.0016554540138713492 loss values:[1.08647355e-05 2.10231359e-04 6.38859579e-03 1.21241674e-05]